**********	**********	******	**********	******	******	******
 Z-Symb-A 	 s_abs c0  	  c1  	 s_inc y0 	  x0  	  a   	  b
**********	**********	******	**********	******	******	******
----------------------------------------------------------------------
1-H       	0.3326    	0.0   	19.79     	1.86  	73.4  	-1.99 
1-H-0     	0.3326    	0.0   	80.26     	1.0   	0.0   	1.0   
1-H-1     	0.3326    	0.0   	80.27     	1.0   	0.0   	1.0   
1-H-2     	0.000519  	0.0   	2.05      	1.0   	0.0   	1.0   
1-H-3     	0.0       	0.0   	0.14      	1.0   	0.0   	1.0   
----------------------------------------------------------------------
2-He      	0.00747   	0.0   	0.0       	1.0   	0.0   	1.0   
2-He-3    	5333.0    	0.0   	1.532     	1.0   	0.0   	1.0   
2-He-4    	0.0       	0.0   	0.0       	1.0   	0.0   	1.0   
----------------------------------------------------------------------
3-Li      	70.5      	0.0   	0.92      	1.0   	0.0   	1.0   
3-Li-6    	940.0     	0.0   	0.46      	1.0   	0.0   	1.0   
3-Li-7    	0.0454    	0.0   	0.78      	1.0   	0.0   	1.0   
----------------------------------------------------------------------
4-Be-9    	0.0076    	0.0   	0.0018    	1.0   	0.0   	1.0   
----------------------------------------------------------------------
5-B       	767.0     	0.0   	1.70      	1.0   	0.0   	1.0   
5-B-10    	3835.0    	0.0   	3.0       	1.0   	0.0   	1.0   
5-B-11    	0.0055    	0.0   	0.21      	1.0   	0.0   	1.0   
----------------------------------------------------------------------
6-C       	0.00350   	0.0   	0.001     	1.0   	0.0   	1.0   
6-C-12    	0.0353    	0.0   	0.0       	1.0   	0.0   	1.0   
6-C-13    	0.00137   	0.0   	0.034     	1.0   	0.0   	1.0   
----------------------------------------------------------------------
7-N       	1.90      	0.0   	0.50      	1.0   	0.0   	1.0   
7-N-14    	1.91      	0.0   	0.50      	1.0   	0.0   	1.0   
7-N-15    	0.000024  	0.0   	0.00005   	1.0   	0.0   	1.0   
----------------------------------------------------------------------
8-O       	0.00019   	0.0   	0.000     	1.0   	0.0   	1.0   
8-O-16    	0.00010   	0.0   	0.0       	1.0   	0.0   	1.0   
8-O-17    	0.236     	0.0   	0.004     	1.0   	0.0   	1.0   
8-O-18    	0.00016   	0.0   	0.0       	1.0   	0.0   	1.0   
----------------------------------------------------------------------
9-F-19    	0.0096    	0.0   	0.0008    	1.0   	0.0   	1.0   
----------------------------------------------------------------------
10-Ne     	0.039     	0.0   	0.0008    	1.0   	0.0   	1.0   
10-Ne-20  	0.036     	0.0   	0.0       	1.0   	0.0   	1.0   
10-Ne-21  	0.67      	0.0   	0.05      	1.0   	0.0   	1.0   
10-Ne-22  	0.046     	0.0   	0.0       	1.0   	0.0   	1.0   
----------------------------------------------------------------------
11-Na-23  	0.530     	0.0   	1.62      	1.0   	0.0   	1.0   
----------------------------------------------------------------------
12-Mg     	0.063     	0.0   	0.08      	1.0   	0.0   	1.0   
12-Mg-24  	0.050     	0.0   	0.0       	1.0   	0.0   	1.0   
12-Mg-25  	0.19      	0.0   	0.28      	1.0   	0.0   	1.0   
12-Mg-26  	0.0382    	0.0   	0.0       	1.0   	0.0   	1.0   
----------------------------------------------------------------------
13-Al-27  	0.231     	0.0   	0.0082    	1.0   	0.0   	1.0   
----------------------------------------------------------------------
14-Si     	0.171     	0.0   	0.004     	1.0   	0.0   	1.0   
14-Si-28  	0.177     	0.0   	0.0       	1.0   	0.0   	1.0   
14-Si-29  	0.101     	0.0   	0.001     	1.0   	0.0   	1.0   
14-Si-30  	0.107     	0.0   	0.0       	1.0   	0.0   	1.0   
----------------------------------------------------------------------
15-P-31   	0.172     	0.0   	0.005     	1.0   	0.0   	1.0   
----------------------------------------------------------------------
16-S      	0.53      	0.0   	0.007     	1.0   	0.0   	1.0   
16-S-32   	0.54      	0.0   	0.0       	1.0   	0.0   	1.0   
16-S-33   	0.54      	0.0   	0.3       	1.0   	0.0   	1.0   
16-S-34   	0.227     	0.0   	0.0       	1.0   	0.0   	1.0   
16-S-36   	0.15      	0.0   	0.0       	1.0   	0.0   	1.0   
----------------------------------------------------------------------
17-Cl     	33.5      	0.0   	5.3       	1.0   	0.0   	1.0   
17-Cl-35  	44.1      	0.0   	4.7       	1.0   	0.0   	1.0   
17-Cl-37  	0.433     	0.0   	0.001     	1.0   	0.0   	1.0   
----------------------------------------------------------------------
18-Ar     	0.675     	0.0   	0.225     	1.0   	0.0   	1.0   
18-Ar-36  	5.2       	0.0   	0.0       	1.0   	0.0   	1.0   
18-Ar-38  	0.8       	0.0   	0.0       	1.0   	0.0   	1.0   
18-Ar-40  	0.660     	0.0   	0.0       	1.0   	0.0   	1.0   
----------------------------------------------------------------------
19-K      	2.1       	0.0   	0.27      	1.0   	0.0   	1.0   
19-K-39   	2.1       	0.0   	0.25      	1.0   	0.0   	1.0   
19-K-40   	35.0      	0.0   	0.5       	1.0   	0.0   	1.0   
19-K-41   	1.46      	0.0   	0.3       	1.0   	0.0   	1.0   
----------------------------------------------------------------------
20-Ca     	0.43      	0.0   	0.05      	1.0   	0.0   	1.0   
20-Ca-40  	0.41      	0.0   	0.0       	1.0   	0.0   	1.0   
20-Ca-42  	0.68      	0.0   	0.0       	1.0   	0.0   	1.0   
20-Ca-43  	6.2       	0.0   	0.5       	1.0   	0.0   	1.0   
20-Ca-44  	0.88      	0.0   	0.0       	1.0   	0.0   	1.0   
20-Ca-46  	0.74      	0.0   	0.0       	1.0   	0.0   	1.0   
20-Ca-48  	1.09      	0.0   	0.0       	1.0   	0.0   	1.0   
----------------------------------------------------------------------
21-Se-45  	27.5      	0.0   	4.5       	1.0   	0.0   	1.0   
----------------------------------------------------------------------
22-Ti     	6.09      	0.0   	2.87      	1.0   	0.0   	1.0   
22-Ti-46  	0.59      	0.0   	0.0       	1.0   	0.0   	1.0   
22-Ti-47  	1.7       	0.0   	1.52      	1.0   	0.0   	1.0   
22-Ti-48  	7.84      	0.0   	0.0       	1.0   	0.0   	1.0   
22-Ti-49  	2.2       	0.0   	3.3       	1.0   	0.0   	1.0   
22-Ti-50  	0.179     	0.0   	0.0       	1.0   	0.0   	1.0   
----------------------------------------------------------------------
23-V      	5.08      	0.0   	5.08      	1.0   	0.0   	1.0   
23-V-50   	60.0      	0.0   	0.5       	1.0   	0.0   	1.0   
23-V-51   	4.9       	0.0   	5.07      	1.0   	0.0   	1.0   
----------------------------------------------------------------------
24-Cr     	3.05      	0.0   	1.83      	1.0   	0.0   	1.0   
24-Cr-50  	15.2      	0.0   	0.0       	1.0   	0.0   	1.0   
24-Cr-52  	0.76      	0.0   	0.0       	1.0   	0.0   	1.0   
24-Cr-53  	18.1      	0.0   	5.93      	1.0   	0.0   	1.0   
24-Cr-54  	0.36      	0.0   	0.0       	1.0   	0.0   	1.0   
----------------------------------------------------------------------
25-Mn-55  	13.3      	0.0   	0.40      	1.0   	0.0   	1.0   
----------------------------------------------------------------------
26-Fe     	2.56      	0.0   	0.40      	1.0   	0.0   	1.0   
26-Fe-54  	2.25      	0.0   	0.0       	1.0   	0.0   	1.0   
26-Fe-56  	2.59      	0.0   	0.0       	1.0   	0.0   	1.0   
26-Fe-57  	2.48      	0.0   	0.3       	1.0   	0.0   	1.0   
26-Fe-58  	1.28      	0.0   	0.0       	1.0   	0.0   	1.0   
----------------------------------------------------------------------
27-Co-59  	37.18     	0.0   	4.8       	1.0   	0.0   	1.0   
----------------------------------------------------------------------
28-Ni     	4.49      	0.0   	5.2       	1.0   	0.0   	1.0   
28-Ni-58  	4.6       	0.0   	0.0       	1.0   	0.0   	1.0   
28-Ni-60  	2.9       	0.0   	0.0       	1.0   	0.0   	1.0   
28-Ni-61  	2.5       	0.0   	1.9       	1.0   	0.0   	1.0   
28-Ni-62  	14.5      	0.0   	0.0       	1.0   	0.0   	1.0   
28-Ni-64  	1.52      	0.0   	0.0       	1.0   	0.0   	1.0   
----------------------------------------------------------------------
29-Cu     	3.78      	0.0   	0.55      	1.0   	0.0   	1.0   
29-Cu-63  	4.50      	0.0   	0.006     	1.0   	0.0   	1.0   
29-Cu-65  	2.17      	0.0   	0.40      	1.0   	0.0   	1.0   
----------------------------------------------------------------------
30-Zn     	1.11      	0.0   	0.077     	1.0   	0.0   	1.0   
30-Zn-64  	0.93      	0.0   	0.0       	1.0   	0.0   	1.0   
30-Zn-66  	0.62      	0.0   	0.0       	1.0   	0.0   	1.0   
30-Zn-67  	6.8       	0.0   	0.28      	1.0   	0.0   	1.0   
30-Zn-68  	1.1       	0.0   	0.0       	1.0   	0.0   	1.0   
30-Zn-70  	0.092      	0.0   	0.0       	1.0   	0.0   	1.0   
----------------------------------------------------------------------
31-Ga     	2.75      	0.0   	0.16      	1.0   	0.0   	1.0   
31-Ga-69  	2.18      	0.0   	0.091     	1.0   	0.0   	1.0   
31-Ga-71  	3.61      	0.0   	0.084     	1.0   	0.0   	1.0   
----------------------------------------------------------------------
32-Ge     	2.20      	0.0   	0.18      	1.0   	0.0   	1.0   
32-Ge-70  	3.0       	0.0   	0.0       	1.0   	0.0   	1.0   
32-Ge-72  	0.8       	0.0   	0.0       	1.0   	0.0   	1.0   
32-Ge-73  	15.1      	0.0   	1.5       	1.0   	0.0   	1.0   
32-Ge-74  	0.4       	0.0   	0.0       	1.0   	0.0   	1.0   
32-Ge-76  	0.16      	0.0   	0.0       	1.0   	0.0   	1.0   
----------------------------------------------------------------------
33-AS-75  	4.5       	0.0   	0.060     	1.0   	0.0   	1.0   
----------------------------------------------------------------------
34-Se     	11.7      	0.0   	0.32      	1.0   	0.0   	1.0   
34-Se-74  	51.8      	0.0   	0.0       	1.0   	0.0   	1.0   
34-Se-76  	85.0      	0.0   	0.0       	1.0   	0.0   	1.0   
34-Se-77  	42.0      	0.0   	0.05      	1.0   	0.0   	1.0   
34-Se-78  	0.43      	0.0   	0.0       	1.0   	0.0   	1.0   
34-Se-80  	0.61      	0.0   	0.0       	1.0   	0.0   	1.0   
34-Se-82  	0.044     	0.0   	0.0       	1.0   	0.0   	1.0   
----------------------------------------------------------------------
35-Br     	6.9       	0.0   	0.10      	1.0   	0.0   	1.0   
35-Br-79  	11.0      	0.0   	0.15      	1.0   	0.0   	1.0   
35-Br-81  	2.7       	0.0   	0.05      	1.0   	0.0   	1.0   
----------------------------------------------------------------------
36-Kr     	25.0      	0.0   	0.01      	1.0   	0.0   	1.0   
36-Kr-78  	6.4       	0.0   	0.0       	1.0   	0.0   	1.0   
36-Kr-80  	11.8      	0.0   	0.0       	1.0   	0.0   	1.0   
36-Kr-82  	29.0      	0.0   	0.0       	1.0   	0.0   	1.0   
36-Kr-83  	185.0     	0.0   	0.0       	1.0   	0.0   	1.0   
36-Kr-84  	0.113     	0.0   	0.0       	1.0   	0.0   	1.0   
36-Kr-86  	0.003     	0.0   	0.0       	1.0   	0.0   	1.0   
----------------------------------------------------------------------
37-Rb     	0.38      	0.0   	0.5       	1.0   	0.0   	1.0   
37-Rb-85  	0.48      	0.0   	0.5       	1.0   	0.0   	1.0   
37-Rb-87  	0.12      	0.0   	0.5       	1.0   	0.0   	1.0   
----------------------------------------------------------------------
38-Sr     	1.28      	0.0   	0.06      	1.0   	0.0   	1.0   
38-Sr-84  	0.87      	0.0   	0.0       	1.0   	0.0   	1.0   
38-Sr-86  	1.04      	0.0   	0.0       	1.0   	0.0   	1.0   
38-Sr-87  	16.0      	0.0   	0.5       	1.0   	0.0   	1.0   
38-Sr-88  	0.058     	0.0   	0.0       	1.0   	0.0   	1.0   
----------------------------------------------------------------------
39-Y-89   	1.28      	0.0   	0.15      	1.0   	0.0   	1.0   
----------------------------------------------------------------------
40-Zr     	0.185     	0.0   	0.02      	1.0   	0.0   	1.0   
40-Zr-90  	0.011     	0.0   	0.0       	1.0   	0.0   	1.0   
40-Zr-91  	1.17      	0.0   	0.15      	1.0   	0.0   	1.0   
40-Zr-92  	0.22      	0.0   	0.0       	1.0   	0.0   	1.0   
40-Zr-94  	0.0499    	0.0   	0.0       	1.0   	0.0   	1.0   
40-Zr-96  	0.0229    	0.0   	0.0       	1.0   	0.0   	1.0   
----------------------------------------------------------------------
41-Nb-93  	1.15      	0.0   	0.0024    	1.0   	0.0   	1.0   
----------------------------------------------------------------------
42-Mo     	2.48      	0.0   	0.04      	1.0   	0.0   	1.0   
42-Mo-92  	0.019     	0.0   	0.0       	1.0   	0.0   	1.0   
42-Mo-94  	0.015     	0.0   	0.0       	1.0   	0.0   	1.0   
42-Mo-95  	13.1      	0.0   	0.5       	1.0   	0.0   	1.0   
42-Mo-96  	0.5       	0.0   	0.0       	1.0   	0.0   	1.0   
42-Mo-97  	2.5       	0.0   	0.5       	1.0   	0.0   	1.0   
42-Mo-98  	0.127     	0.0   	0.0       	1.0   	0.0   	1.0   
42-Mo-100 	0.4       	0.0   	0.0       	1.0   	0.0   	1.0   
----------------------------------------------------------------------
43-Tc-99  	20.0      	0.0   	0.5       	1.0   	0.0   	1.0   
----------------------------------------------------------------------
44-Ru     	2.56      	0.0   	0.4       	1.0   	0.0   	1.0   
44-Ru-96  	0.28      	0.0   	0.0       	1.0   	0.0   	1.0   
44-Ru-98  	8.0       	0.0   	0.0       	1.0   	0.0   	1.0   	*
44-Ru-99  	6.9       	0.0   	0.0       	1.0   	0.0   	1.0   
44-Ru-100 	4.8       	0.0   	0.0       	1.0   	0.0   	1.0   
44-Ru-101 	3.3       	0.0   	0.0       	1.0   	0.0   	1.0   
44-Ru-102 	1.17      	0.0   	0.0       	1.0   	0.0   	1.0   
44-Ru-104 	0.31      	0.0   	0.0       	1.0   	0.0   	1.0   
----------------------------------------------------------------------
45-Rh-103 	144.8     	0.0   	0.3       	1.0   	0.0   	1.0   
----------------------------------------------------------------------
46-Pd     	6.9       	0.0   	0.093     	1.0   	0.0   	1.0   
46-Pd-102 	3.4       	0.0   	0.0       	1.0   	0.0   	1.0   
46-Pd-104 	0.6       	0.0   	0.0       	1.0   	0.0   	1.0   
46-Pd-105 	20.0      	0.0   	0.8       	1.0   	0.0   	1.0   
46-Pd-106 	0.3048    	0.0   	0.0       	1.0   	0.0   	1.0   
46-Pd-108 	8.5       	0.0   	0.0       	1.0   	0.0   	1.0   
46-Pd-110 	0.226     	0.0   	0.0       	1.0   	0.0   	1.0   
----------------------------------------------------------------------
47-Ag     	63.3      	0.0   	0.58      	1.0   	0.0   	1.0   
47-Ag-107 	37.6      	0.0   	0.13      	1.0   	0.0   	1.0   
47-Ag-109 	91.0      	0.0   	0.32      	1.0   	0.0   	1.0   
----------------------------------------------------------------------
48-Cd     	2520.0    	0.0   	3.46      	1.0   	0.0   	1.0   
48-Cd-106 	1.02      	0.0   	0.0       	1.0   	0.0   	1.0   
48-Cd-108 	1.1       	0.0   	0.0       	1.0   	0.0   	1.0   
48-Cd-110 	11.0      	0.0   	0.0       	1.0   	0.0   	1.0   
48-Cd-111 	24.0      	0.0   	0.3       	1.0   	0.0   	1.0   
48-Cd-112 	2.2       	0.0   	0.0       	1.0   	0.0   	1.0   
48-Cd-113 	20600.0   	0.0   	0.3       	1.0   	0.0   	1.0   
48-Cd-114 	0.34      	0.0   	0.0       	1.0   	0.0   	1.0   
48-Cd-116 	0.075     	0.0   	0.0       	1.0   	0.0   	1.0   
----------------------------------------------------------------------
49-In     	193.8     	0.0   	0.54      	1.0   	0.0   	1.0   
49-In-113 	12.0      	0.0   	0.000037  	1.0   	0.0   	1.0   
49-In-115 	202.0     	0.0   	0.55      	1.0   	0.0   	1.0   
----------------------------------------------------------------------
50-Sn     	0.626     	0.0   	0.22      	1.0   	0.0   	1.0   
50-Sn-112 	1.00      	0.0   	0.0       	1.0   	0.0   	1.0   
50-Sn-114 	0.114     	0.0   	0.0       	1.0   	0.0   	1.0   
50-Sn-115 	30.0      	0.0   	0.3       	1.0   	0.0   	1.0   
50-Sn-116 	0.14      	0.0   	0.0       	1.0   	0.0   	1.0   
50-Sn-117 	2.3       	0.0   	0.3       	1.0   	0.0   	1.0   
50-Sn-118 	0.22      	0.0   	0.0       	1.0   	0.0   	1.0   
50-Sn-119 	2.2       	0.0   	0.3       	1.0   	0.0   	1.0   
50-Sn-120 	0.14      	0.0   	0.0       	1.0   	0.0   	1.0   
50-Sn-122 	0.18      	0.0   	0.0       	1.0   	0.0   	1.0   
50-Sn-124 	0.133     	0.0   	0.0       	1.0   	0.0   	1.0   
----------------------------------------------------------------------
51-Sb     	4.91      	0.0   	0.00      	1.0   	0.0   	1.0   
51-Sb-121 	5.75      	0.0   	0.0003    	1.0   	0.0   	1.0   
51-Sb-123 	3.8       	0.0   	0.001     	1.0   	0.0   	1.0   
----------------------------------------------------------------------
52-Te     	4.7       	0.0   	0.09      	1.0   	0.0   	1.0   
52-Te-120 	2.3       	0.0   	0.0       	1.0   	0.0   	1.0   
52-Te-122 	3.4       	0.0   	0.0       	1.0   	0.0   	1.0   
52-Te-123 	418.0     	0.0   	0.52      	1.0   	0.0   	1.0   
52-Te-124 	6.8       	0.0   	0.0       	1.0   	0.0   	1.0   
52-Te-125 	1.55      	0.0   	0.008     	1.0   	0.0   	1.0   
52-Te-126 	1.04      	0.0   	0.0       	1.0   	0.0   	1.0   
52-Te-128 	0.21      	0.0   	0.0       	1.0   	0.0   	1.0   
52-Te-130 	0.29      	0.0   	0.0       	1.0   	0.0   	1.0   
----------------------------------------------------------------------
53-I-127  	6.15      	0.0   	0.31      	1.0   	0.0   	1.0   
----------------------------------------------------------------------
54-Xe     	23.9      	0.0   	0.0       	1.0   	0.0   	1.0   
54-Xe-124 	165.0     	0.0   	0.0       	1.0   	0.0   	1.0   
54-Xe-126 	3.5       	0.0   	0.0       	1.0   	0.0   	1.0   
54-Xe-128 	8.0       	0.0   	0.0       	1.0   	0.0   	1.0   	*
54-Xe-129 	21.0      	0.0   	0.0       	1.0   	0.0   	1.0   
54-Xe-130 	26.0      	0.0   	0.0       	1.0   	0.0   	1.0   	*
54-Xe-131 	85.0      	0.0   	0.0       	1.0   	0.0   	1.0   
54-Xe-132 	0.45      	0.0   	0.0       	1.0   	0.0   	1.0   
54-Xe-134 	0.265     	0.0   	0.0       	1.0   	0.0   	1.0   
54-Xe-136 	0.26      	0.0   	0.0       	1.0   	0.0   	1.0   
----------------------------------------------------------------------
55-Cs-133 	29.0      	0.0   	0.21      	1.0   	0.0   	1.0   
----------------------------------------------------------------------
56-Ba     	1.1       	0.0   	0.15      	1.0   	0.0   	1.0   
56-Ba-130 	30.0      	0.0   	0.0       	1.0   	0.0   	1.0   
56-Ba-132 	7.0       	0.0   	0.0       	1.0   	0.0   	1.0   
56-Ba-134 	2.0       	0.0   	0.0       	1.0   	0.0   	1.0   
56-Ba-135 	5.8       	0.0   	0.5       	1.0   	0.0   	1.0   
56-Ba-136 	0.68      	0.0   	0.0       	1.0   	0.0   	1.0   
56-Ba-137 	3.6       	0.0   	0.5       	1.0   	0.0   	1.0   
56-Ba-138 	0.27      	0.0   	0.0       	1.0   	0.0   	1.0   
----------------------------------------------------------------------
57-La     	8.97      	0.0   	1.13      	1.0   	0.0   	1.0   
57-La-138 	57.0      	0.0   	0.5       	1.0   	0.0   	1.0   
57-La-139 	8.93      	0.0   	1.12      	1.0   	0.0   	1.0   
----------------------------------------------------------------------
58-Ce     	0.63      	0.0   	0.00      	1.0   	0.0   	1.0   
58-Ce-136 	7.3       	0.0   	0.0       	1.0   	0.0   	1.0   
58-Ce-138 	1.1       	0.0   	0.0       	1.0   	0.0   	1.0   
58-Ce-140 	0.57      	0.0   	0.0       	1.0   	0.0   	1.0   
58-Ce-142 	0.95      	0.0   	0.0       	1.0   	0.0   	1.0   
----------------------------------------------------------------------
59-Pr-141 	11.5      	0.0   	0.015     	1.0   	0.0   	1.0   
----------------------------------------------------------------------
60-Nd     	50.5      	0.0   	9.2       	1.0   	0.0   	1.0   
60-Nd-142 	18.7      	0.0   	0.0       	1.0   	0.0   	1.0   
60-Nd-143 	337.0     	0.0   	55.0      	1.0   	0.0   	1.0   
60-Nd-144 	3.6       	0.0   	0.0       	1.0   	0.0   	1.0   
60-Nd-145 	42.0      	0.0   	5.0       	1.0   	0.0   	1.0   
60-Nd-146 	1.4       	0.0   	0.0       	1.0   	0.0   	1.0   
60-Nd-148 	2.5       	0.0   	0.0       	1.0   	0.0   	1.0   
60-Nd-150 	1.2       	0.0   	0.0       	1.0   	0.0   	1.0   
----------------------------------------------------------------------
61-Pm-147 	168.4     	0.0   	1.3       	1.0   	0.0   	1.0   
----------------------------------------------------------------------
62-Sm     	5922.0    	0.0   	39.0      	1.0   	0.0   	1.0   
62-Sm-144 	0.7       	0.0   	0.0       	1.0   	0.0   	1.0   
62-Sm-147 	57.0      	0.0   	14.0      	1.0   	0.0   	1.0   
62-Sm-148 	2.46      	0.0   	0.0       	1.0   	0.0   	1.0   
62-Sm-149 	42080.0   	0.0   	137.0     	1.0   	0.0   	1.0   
62-Sm-150 	104.0     	0.0   	0.0       	1.0   	0.0   	1.0   
62-Sm-152 	206.0     	0.0   	0.0       	1.0   	0.0   	1.0   
62-Sm-154 	8.4       	0.0   	0.0       	1.0   	0.0   	1.0   
----------------------------------------------------------------------
63-Eu     	4530.0    	0.0   	2.5       	1.0   	0.0   	1.0   
63-Eu-151 	9100.0    	0.0   	3.1       	1.0   	0.0   	1.0   
63-Eu-153 	312.0     	0.0   	1.3       	1.0   	0.0   	1.0   
----------------------------------------------------------------------
64-Gd     	49700.0   	0.0   	151.0     	1.0   	0.0   	1.0   
64-Gd-152 	735.0     	0.0   	0.0       	1.0   	0.0   	1.0   
64-Gd-154 	85.0      	0.0   	0.0       	1.0   	0.0   	1.0   
64-Gd-155 	61100.0   	0.0   	25.0      	1.0   	0.0   	1.0   
64-Gd-156 	1.5       	0.0   	0.0       	1.0   	0.0   	1.0   
64-Gd-157 	259000.0  	0.0   	394.0     	1.0   	0.0   	1.0   
64-Gd-158 	2.2       	0.0   	0.0       	1.0   	0.0   	1.0   
64-Gd-160 	0.77      	0.0   	0.0       	1.0   	0.0   	1.0   
----------------------------------------------------------------------
65-Tb-159 	23.4      	0.0   	0.004     	1.0   	0.0   	1.0   
----------------------------------------------------------------------
66-Dy     	994.0     	0.0   	54.4      	1.0   	0.0   	1.0   
66-Dy-156 	33.0      	0.0   	0.0       	1.0   	0.0   	1.0   
66-Dy-158 	43.0      	0.0   	0.0       	1.0   	0.0   	1.0   
66-Dy-160 	56.0      	0.0   	0.0       	1.0   	0.0   	1.0   
66-Dy-161 	600.0     	0.0   	3.0       	1.0   	0.0   	1.0   
66-Dy-162 	194.0     	0.0   	0.0       	1.0   	0.0   	1.0   
66-Dy-163 	124.0     	0.0   	0.21      	1.0   	0.0   	1.0   
66-Dy-164 	2840.0    	0.0   	0.0       	1.0   	0.0   	1.0   
----------------------------------------------------------------------
67-Ho-165 	64.7      	0.0   	0.36      	1.0   	0.0   	1.0   
----------------------------------------------------------------------
68-Er     	159.0     	0.0   	1.1       	1.0   	0.0   	1.0   
68-Er-162 	19.0      	0.0   	0.0       	1.0   	0.0   	1.0   
68-Er-164 	13.0      	0.0   	0.0       	1.0   	0.0   	1.0   
68-Er-166 	19.6      	0.0   	0.0       	1.0   	0.0   	1.0   
68-Er-167 	659.0     	0.0   	0.13      	1.0   	0.0   	1.0   
68-Er-168 	2.74      	0.0   	0.0       	1.0   	0.0   	1.0   
68-Er-170 	5.8       	0.0   	0.0       	1.0   	0.0   	1.0   
----------------------------------------------------------------------
69-Tm-169 	100.0     	0.0   	0.10      	1.0   	0.0   	1.0   
----------------------------------------------------------------------
70-Yb     	34.8      	0.0   	4.0       	1.0   	0.0   	1.0   
70-Yb-168 	2230.0    	0.0   	0.0       	1.0   	0.0   	1.0   
70-Yb-170 	11.4      	0.0   	0.0       	1.0   	0.0   	1.0   
70-Yb-171 	48.6      	0.0   	3.9       	1.0   	0.0   	1.0   
70-Yb-172 	0.8       	0.0   	0.0       	1.0   	0.0   	1.0   
70-Yb-173 	17.1      	0.0   	3.5       	1.0   	0.0   	1.0   
70-Yb-174 	69.4      	0.0   	0.0       	1.0   	0.0   	1.0   
70-Yb-176 	2.85      	0.0   	0.0       	1.0   	0.0   	1.0   
----------------------------------------------------------------------
71-Lu     	74.0      	0.0   	0.7       	1.0   	0.0   	1.0   
71-Lu-175 	21.0      	0.0   	0.6       	1.0   	0.0   	1.0   
71-Lu-176 	065.0     	0.0   	1.2       	1.0   	0.0   	1.0   
----------------------------------------------------------------------
72-Hf     	104.1     	0.0   	2.6       	1.0   	0.0   	1.0   
72-Hf-174 	561.0     	0.0   	0.0       	1.0   	0.0   	1.0   
72-Hf-176 	23.3      	0.0   	0.0       	1.0   	0.0   	1.0   
72-Hf-177 	373.0     	0.0   	0.1       	1.0   	0.0   	1.0   
72-Hf-178 	84.0      	0.0   	0.0       	1.0   	0.0   	1.0   
72-Hf-179 	41.0      	0.0   	0.14      	1.0   	0.0   	1.0   
72-Hf-180 	13.04     	0.0   	0.0       	1.0   	0.0   	1.0   
----------------------------------------------------------------------
73-Ta     	20.6      	0.0   	0.01      	1.0   	0.0   	1.0   
73-Ta-180 	563.0     	0.0   	0.5       	1.0   	0.0   	1.0   
73-Ta-181 	20.5      	0.0   	0.011     	1.0   	0.0   	1.0   
----------------------------------------------------------------------
74-W      	18.3      	0.0   	1.63      	1.0   	0.0   	1.0   
74-W-180  	30.0      	0.0   	0.0       	1.0   	0.0   	1.0   
74-W-182  	20.7      	0.0   	0.0       	1.0   	0.0   	1.0   
74-W-183  	10.1      	0.0   	0.3       	1.0   	0.0   	1.0   
74-W-184  	1.7       	0.0   	0.0       	1.0   	0.0   	1.0   
74-W-186  	37.9      	0.0   	0.0       	1.0   	0.0   	1.0   
----------------------------------------------------------------------
75-Re     	89.7      	0.0   	0.9       	1.0   	0.0   	1.0   
75-Re-185 	112.0     	0.0   	0.5       	1.0   	0.0   	1.0   
75-Re-187 	76.4      	0.0   	1.0       	1.0   	0.0   	1.0   
----------------------------------------------------------------------
76-Os     	16.0      	0.0   	0.3       	1.0   	0.0   	1.0   
76-Os-184 	3000.0     	0.0   	0.0       	1.0   	0.0   	1.0   
76-Os-186 	80.0      	0.0   	0.0       	1.0   	0.0   	1.0   
76-Os-187 	320.0     	0.0   	0.3       	1.0   	0.0   	1.0   
76-Os-188 	4.7       	0.0   	0.0       	1.0   	0.0   	1.0   
76-Os-189 	25.0      	0.0   	0.5       	1.0   	0.0   	1.0   
76-Os-190 	13.1      	0.0   	0.0       	1.0   	0.0   	1.0   
76-Os-192 	2.0       	0.0   	0.0       	1.0   	0.0   	1.0   
----------------------------------------------------------------------
77-Ir     	425.0     	0.0   	0.0       	1.0   	0.0   	1.0   
77-Ir-191 	954.0     	0.0   	0.0       	1.0   	0.0   	1.0   
77-Ir-193 	111.0     	0.0   	0.0       	1.0   	0.0   	1.0   
----------------------------------------------------------------------
78-Pt     	10.3      	0.0   	0.13      	1.0   	0.0   	1.0   
78-Pt-190 	152.0     	0.0   	0.0       	1.0   	0.0   	1.0   
78-Pt-192 	10.0      	0.0   	0.0       	1.0   	0.0   	1.0   
78-Pt-194 	1.44      	0.0   	0.0       	1.0   	0.0   	1.0   
78-Pt-195 	27.5      	0.0   	0.13      	1.0   	0.0   	1.0   
78-Pt-196 	0.72      	0.0   	0.0       	1.0   	0.0   	1.0   
78-Pt-198 	3.66      	0.0   	0.0       	1.0   	0.0   	1.0   
----------------------------------------------------------------------
79-Au-197 	98.65     	0.0   	0.43      	1.0   	0.0   	1.0   
----------------------------------------------------------------------
80-Hg     	372.3     	0.0   	6.6       	1.0   	0.0   	1.0   
80-Hg-196 	3080.0    	0.0   	0.0       	1.0   	0.0   	1.0   
80-Hg-198 	2.0       	0.0   	0.0       	1.0   	0.0   	1.0   
80-Hg-199 	2150.0    	0.0   	30.0      	1.0   	0.0   	1.0   
80-Hg-200 	60.0      	0.0   	0.0       	1.0   	0.0   	1.0   	*
80-Hg-201 	7.8       	0.0   	0.0       	1.0   	0.0   	1.0   
80-Hg-202 	4.89      	0.0   	0.0       	1.0   	0.0   	1.0   
